((("bm" .
   [1 0])
  ("hi" .
   [2 0])
  ("add-to-list" .
   [0 0 0 0 0 0 1 0 0 0 0])
  ("add" .
   [1 0 0])
  ("bla" .
   [1 0 0])
  ("guide" .
   [2 0 0 0 0])
  ("to" .
   [1 0])
  ("consuming" .
   [1 0 0 0 0 0 0 0 0])
  ("research" .
   [1 0 0 0 0 0 0 0])
  ("carrier's" .
   [0 0 0 0 0 0 0 1 0])
  ("reading" .
   [1 0 0 0 0 0 0])
  ("papers" .
   [1 0 0 0 0 0])
  ("scholarship" .
   [1 0 0 0 0 0 0 0 0 0 0])
  ("done" .
   [1 0 0 0])
  ("efficiently" .
   [1 0 0 0 0 0 0 0 0 0 0])
  ("problems" .
   [1 0 0 0 0 0 0 0])
  ("peer" .
   [1 0 0 0])
  ("etc" .
   [1 0 0])
  ("effect" .
   [1 0 0 0 0 0])
  ("define" .
   [0 0 0 0 0 1])
  ("global" .
   [1 0 0 0 0 0])
  ("ff" .
   [1 0])
  ("how" .
   [1 0 0])
  ("are" .
   [1 0 0])
  ("you" .
   [1 0 0])
  ("dot" .
   [1 0 0])
  ("installed" .
   [1 0 0 0 0 0 0 0 0])
  ("but" .
   [1 0 0])
  ("not" .
   [1 0 0])
  ("working" .
   [1 0 0 0 0 0 0])))
