((("load" .
   [1 0 0 0])
  ("death" .
   [1 0 0 0 0])
  ("interview" .
   [1 0 0 0 0 0 0 0 0])
  ("sagan" .
   [1 0 0 0 0])
  ("dying" .
   [1 0 0 0 0])
  ("$0" .
   [1 0])
  ("dates" .
   [0 0 0 0 2])
  ("zenburn-yellow" .
   [2 0 0 0 0 0 0 0 0 0 0 0 0 0])
  (":slant" .
   [0 0 0 0 0 1])
  ("italic" .
   [2 0 0 0 0 0])
  ("helm-imenu" .
   [1 0 0 0 0 0 0 0 0 0])
  ("rainbow-mode" .
   [1 0 0 0 0 0 0 0 0 0 0 0])
  ("rainbow" .
   [1 0 0 0 0 0 0])
  ("org" .
   [1 0 0])
  ("melpa" .
   [1 0 0 0 0])
  ("helm-mini" .
   [1 0 0 0 0 0 0 0 0])
  ("nil" .
   [2 0 0])
  ("helm-mode" .
   [1 0 0 0 0 0 0 0 0])
  ("helm" .
   [1 0 0 0])
  ("zenburn-bg-05" .
   [1 0 0 0 0 0 0 0 0 0 0 0 0])
  ("toggle-fullscreen" .
   [0 0 0 0 0 0 0 0 1 0 0 0 0 0 0 0 0])
  ("toggle" .
   [0 0 0 0 1 0])
  ("github" .
   [0 0 0 0 0 1])
  ("time" .
   [1 0 0 0])
  ("tim" .
   [1 0 0])
  ("backward-kill-word" .
   [0 0 0 0 0 0 0 0 0 0 0 0 0 0 0 0 1 0])
  ("backward" .
   [0 0 0 0 0 1 0 0])
  ("TAGS" .
   [1 0 0 0])
  ("tramp" .
   [1 0 0 0 0])
  ("couple" .
   [0 0 0 0 1 0])
  ("micro" .
   [1 0 0 0 0])
  ("seriously" .
   [1 0 0 0 0 0 0 0 0])
  ("battle" .
   [1 0 0 0 0 0])
  ("nice" .
   [1 0 0 0])
  ("looks" .
   [1 0 0 0 0])
  ("82" .
   [1 0])
  ("indian" .
   [1 0 0 0 0 0])
  ("compact" .
   [1 0 0 0 0 0 0])
  ("somebody" .
   [1 0 0 0 0 0 0 0])
  ("seem" .
   [1 0 0 0])
  ("meditation" .
   [1 0 0 0 0 0 0 0 0 0])
  ("mock" .
   [1 0 0 0])
  ("cards" .
   [1 0 0 0 0])
  ("zeros" .
   [1 0 0 0 0])
  ("andrew" .
   [1 0 0 0 0 0])
  ("shorter" .
   [1 0 0 0 0 0 0])
  ("hill" .
   [2 0 0 0])
  ("2013-08-20" .
   [1 0 0 0 0 0 0 0 0 0])
  ("81" .
   [1 0])
  ("Tuesday" .
   [0 0 0 0 0 0 1])
  ("hi" .
   [1 0])
  ("blog" .
   [1 0 0 0])
  ("video" .
   [1 0 0 0 0])
  ("short" .
   [1 0 0 0 0])
  ("network" .
   [1 0 0 0 0 0 0])
  ("protocol" .
   [1 0 0 0 0 0 0 0])
  ("ex" .
   [2 0])
  ("over" .
   [1 0 0 0])
  ("infinity" .
   [1 0 0 0 0 0 0 0])
  ("logo" .
   [1 0 0 0])
  ("eon" .
   [1 0 0])
  ("analysis" .
   [2 0 0 0 0 0 0 0])
  ("reports" .
   [1 0 0 0 0 0 0])
  ("ratio" .
   [1 0 0 0 0])
  ("heavy" .
   [1 0 0 0 0])
  ("83" .
   [2 0])
  ("84" .
   [1 0])
  ("2013-07-25" .
   [1 0 0 0 0 0 0 0 0 0])
  ("arbeitsagentur" .
   [0 0 0 0 0 0 0 1 0 0 0 0 0 0])
  ("before" .
   [1 0 0 0 0 0])
  ("next-line" .
   [0 0 0 0 1 0 0 0 1])
  ("occur" .
   [2 0 0 0 0])
  ("format" .
   [1 0 0 0 0 0])
  ("curve" .
   [1 0 0 0 0])
  ("0559" .
   [1 0 0 0])
  ("sleep" .
   [1 0 0 0 0])
  ("data_r" .
   [1 0 0 0 0 0])
  ("data_profile" .
   [0 0 0 0 0 0 1 0 0 0 0 0])
  ("print" .
   [2 0 0 0 0])
  ("optimizations" .
   [1 0 0 0 0 0 0 0 0 0 0 0 0])
  ("th" .
   [1 0])
  ("narrow" .
   [1 0 0 0 0 0])
  ("experiment" .
   [1 0 0 0 0 0 0 0 0 0])
  ("repeat" .
   [1 0 0 0 0 0])
  ("intelligence" .
   [1 0 0 0 0 0 0 0 0 0 0 0])
  ("chance" .
   [1 0 0 0 0 0])
  ("computers" .
   [1 0 0 0 0 0 0 0 1])
  ("article" .
   [1 0 0 0 0 0 0])
  ("paradox" .
   [1 0 0 0 0 0 0])
  ("hall" .
   [1 0 0 0])
  ("new" .
   [3 0 0])
  ("rapidly" .
   [1 0 0 0 0 0 0])
  ("act" .
   [1 0 0])
  ("may" .
   [1 0 0])
  ("envronment" .
   [1 0 0 0 0 0 0 0 0 0])
  ("field" .
   [1 0 0 0 0])
  ("3x" .
   [1 0])
  ("contains" .
   [1 0 0 0 0 0 0 0])
  ("supported" .
   [1 0 0 0 0 0 0 0 0])
  ("tracers" .
   [1 0 0 0 0 0 0])
  ("fast" .
   [2 0 0 0])
  ("happens" .
   [1 0 0 0 0 0 0])
  ("quenching" .
   [1 0 0 0 0 0 0 0 0])
  ("regions" .
   [1 0 0 0 0 0 0])
  ("dense" .
   [1 0 0 0 0])
  ("closer" .
   [1 0 0 0 0 0])
  ("quick" .
   [1 0 0 0 0])
  ("effects" .
   [1 0 0 0 0 0 0])
  ("smooth" .
   [1 0 0 0 0 0])
  ("dependance" .
   [1 0 0 0 0 0 0 0 0 0])
  ("possibility" .
   [1 0 0 0 0 0 0 0 0 0 0])
  ("tt" .
   [1 0])
  ("bot" .
   [1 0 0])
  ("z=1" .
   [3 0 0])
  ("correlate" .
   [2 0 0 0 0 0 0 0 0])
  ("quenched" .
   [1 0 0 0 0 0 0 0])
  ("actual" .
   [1 0 0 0 0 0])
  ("rate" .
   [1 0 0 0])
  ("star" .
   [1 0 0 0])
  ("specific" .
   [3 0 0 0 0 0 0 0])
  ("trends" .
   [2 0 0 0 0 0])
  ("essentially" .
   [1 0 0 0 0 0 0 0 0 0 0])
  ("distance" .
   [1 0 0 0 0 0 0 0])
  ("cluster" .
   [2 0 0 0 0 0 0])
  ("decreases" .
   [1 0 0 0 0 0 0 0 0])
  ("sf" .
   [3 0])
  ("fixed" .
   [1 0 0 0 0])
  ("increasing" .
   [2 0 0 0 0 0 0 0 0 0])
  ("Peng" .
   [1 0 0 0])
  ("z=0" .
   [5 0 0])
  ("known" .
   [1 0 0 0 0])
  ("mass" .
   [7 0 0 0])
  ("stellar" .
   [3 0 0 0 0 0 0])
  ("environment" .
   [1 0 0 0 0 0 0 1 0 0 1])
  ("correlated" .
   [1 0 0 0 0 0 0 0 0 0])
  ("gals" .
   [4 0 0 0])
  ("quench" .
   [1 0 0 0 0 0])
  ("galaxies" .
   [1 0 0 0 0 0 0 0])
  ("how" .
   [3 0 0])
  ("talk" .
   [2 0 0 0])
  ("brake" .
   [1 0 0 0 0])
  ("4000" .
   [2 0 0 0])
  ("get" .
   [3 0 0])
  ("important" .
   [1 0 0 0 0 0 0 0 0])
  ("normal" .
   [1 0 0 0 0 0])
  ("fmt-strike" .
   [0 0 0 0 0 0 0 1 0 0])
  ("Robko" .
   [1 0 0 0 0])
  ("obed" .
   [1 0 0 0])
  ("ist" .
   [1 0 0])
  ("uz" .
   [1 0])
  ("Mozem" .
   [1 0 0 0 0])
  ("zaujimavu" .
   [1 0 0 0 0 0 0 0 0])
  ("mat" .
   [1 0 0])
  ("budem" .
   [1 0 0 0 0])
  ("poriadku" .
   [1 0 0 0 0 0 0 0])
  ("ak" .
   [1 0])
  ("ano" .
   [1 0 0])
  ("snad" .
   [1 0 0 0])
  ("zvysok" .
   [1 0 0 0 0 0])
  ("mnou" .
   [1 0 0 0])
  ("ide" .
   [1 0 0])
  ("Ivka" .
   [1 0 0 0])
  ("Taliansko" .
   [0 0 0 0 0 1 0 0 0])
  ("konferenciu" .
   [2 0 0 0 0 0 0 0 0 0 0])
  ("vsetko" .
   [2 0 0 0 0 0])
  ("To" .
   [1 0])
  ("lahsie" .
   [1 0 0 0 0 0])
  ("dost" .
   [1 0 0 0])
  ("el" .
   [1 0])
  ("par" .
   [1 0 0])
  ("60%" .
   [1 0 0])
  ("eln" .
   [1 0 0])
  ("vzdy" .
   [1 0 0 0])
  ("horsie" .
   [1 0 0 0 0 0])
  ("nam" .
   [2 0 0])
  ("ona" .
   [1 0 0])
  ("Ivkou" .
   [1 0 0 0 0])
  ("30" .
   [2 0])
  ("ako" .
   [3 0 0])
  ("teraz" .
   [2 0 0 0 0])
  ("Alpach" .
   [1 0 0 0 0 0])
  ("ru" .
   [1 0])
  ("tom" .
   [1 0 0])
  ("nikto" .
   [1 0 0 0 0])
  ("neviem" .
   [1 0 0 0 0 0])
  ("viem" .
   [1 0 0 0])
  ("ja" .
   [2 0])
  ("sam" .
   [1 0 0])
  ("tu" .
   [1 0])
  ("zmien" .
   [1 0 0 0 0])
  ("jedlo" .
   [1 0 0 0 0])
  ("cim" .
   [1 0 0])
  ("za" .
   [2 0])
  ("robia" .
   [1 0 0 0 0])
  ("im" .
   [1 0])
  ("mozno" .
   [2 0 0 0 0])
  ("vy" .
   [1 0])
  ("mna" .
   [1 0 0])
  ("zo" .
   [1 0])
  ("mierne" .
   [1 0 0 0 0 0])
  ("sebe" .
   [1 0 0 0])
  ("os" .
   [1 0])
  ("samo" .
   [1 0 0 0])
  ("dne" .
   [1 0 0])
  ("reklamou" .
   [1 0 0 0 0 0 0 0])
  ("podpivniky" .
   [0 0 0 0 0 0 0 0 0 1])
  ("si" .
   [1 0])
  ("restauracii" .
   [1 0 0 0 0 0 0 0 0 0 0])
  ("vecery" .
   [1 0 0 0 0 0])
  ("Na" .
   [2 0])
  ("asi" .
   [2 0 0])
  ("ma" .
   [2 0])
  ("ktory" .
   [1 0 0 0 0])
  ("zlyhanie" .
   [1 0 0 0 0 0 0 0])
  ("jej" .
   [1 0 0])
  ("tj" .
   [1 0])
  ("jedna" .
   [1 0 0 0 0])
  ("domov" .
   [1 0 0 0 0])
  ("dot" .
   [1 0 0])
  ("rad" .
   [2 0 0])
  ("ziadne" .
   [1 0 0 0 0 0])
  ("nechce" .
   [1 0 0 0 0 0])
  ("velmi" .
   [3 0 0 0 0])
  ("je" .
   [6 0])
  ("situacia" .
   [2 0 0 0 0 0 0 0])
  ("tyzden" .
   [2 0 0 0 0 0])
  ("minuly" .
   [1 0 0 0 0 0])
  ("prace" .
   [1 0 0 0 0])
  ("vela" .
   [1 0 0 0])
  ("strasne" .
   [1 0 0 0 0 0 0])
  ("nebolo" .
   [1 0 0 0 0 0])
  ("tak" .
   [4 0 0])
  ("este" .
   [3 0 0 0])
  ("lebo" .
   [1 0 0 0])
  ("potom" .
   [3 0 0 0 0])
  ("skutocne" .
   [1 0 0 0 0 0 0 0])
  ("nas" .
   [2 0 0])
  ("Po" .
   [1 0])
  ("su" .
   [2 0])
  ("deti" .
   [1 0 0 0])
  ("5e0" .
   [1 0 0])
  ("1e" .
   [1 0])
  ("spat" .
   [1 0 0 0])
  ("proto" .
   [1 0 0 0 0])
  ("podarilo" .
   [1 0 0 0 0 0 0 0])
  ("1e3" .
   [1 0 0])
  ("na" .
   [8 0])
  ("po" .
   [3 0])
  ("ked" .
   [3 0 0])
  ("vecer" .
   [1 0 0 0 0])
  ("plus" .
   [1 0 0 0])
  ("rychlo" .
   [1 0 0 0 0 0])
  ("ze" .
   [7 0])
  ("dnu" .
   [1 0 0])
  ("relax" .
   [1 0 0 0 0])
  ("nic" .
   [2 0 0])
  ("fajn" .
   [2 0 0 0])
  ("celkom" .
   [1 0 0 0 0 0])
  ("bolo" .
   [5 0 0 0])
  ("aj" .
   [2 0])
  ("Ale" .
   [1 0 0])
  ("pod" .
   [1 0 0])
  ("takmer" .
   [1 0 0 0 0 0])
  ("boli" .
   [4 0 0 0])
  ("lialo" .
   [1 0 0 0 0])
  ("cas" .
   [2 0 0])
  ("mini" .
   [1 0 0 0])
  ("cely" .
   [1 0 0 0])
  ("detmi" .
   [1 0 0 0 0])
  ("Prahy" .
   [1 0 0 0 0])
  ("kamaratmi" .
   [1 0 0 0 0 0 0 0 0])
  ("tam" .
   [1 0 0])
  ("sme" .
   [10 0 0])
  ("pri" .
   [2 0 0])
  ("bol" .
   [2 0 0])
  ("cca" .
   [2 0 0])
  ("dovolenka" .
   [1 0 0 0 0 0 0 0 0])
  ("update" .
   [1 0 0 0 0 0])
  ("ti" .
   [1 0])
  ("hodinu" .
   [2 0 0 0 0 0])
  ("hovorim" .
   [1 0 0 0 0 0 0])
  ("pred" .
   [3 0 0 0])
  ("nove" .
   [1 0 0 0])
  ("nieco" .
   [2 0 0 0 0])
  ("aby" .
   [1 0 0])
  ("ab" .
   [1 0])
  ("zmysel" .
   [1 0 0 0 0 0])
  ("vikend" .
   [3 0 0 0 0 0])
  ("cez" .
   [2 0 0])
  ("kedze" .
   [1 0 0 0 0])
  ("Ahoj" .
   [1 0 0 0])
  ("post" .
   [2 0 0 0])
  ("homework" .
   [1 0 0 0 0 0 0 0])
  ("correct" .
   [1 0 0 0 0 0 0])
  ("w30" .
   [1 0 0])
  ("-w" .
   [1 0])
  ("modes" .
   [1 0 0 0 0])
  ("mode-line-narrowed-face" .
   [0 0 0 0 0 0 0 0 0 0 0 0 0 0 0 2 0 0 0 0 0 0 0])
  ("130" .
   [2 0 0])
  ("me" .
   [1 0])
  ("read" .
   [1 0 0 0])
  ("mp3" .
   [1 0 0])
  ("Music" .
   [1 0 0 0 0])
  ("41" .
   [1 0])
  ("45" .
   [1 0])
  ("ivka" .
   [1 0 0 0])
  ("2013-05-08" .
   [1 0 0 0 0 0 0 0 0 0])
  ("dna" .
   [1 0 0])
  ("drzat" .
   [1 0 0 0 0])
  ("breakfast" .
   [1 0 0 0 0 0 0 0 0])
  ("Wednesday" .
   [1 0 0 0 0 0 0 0 0])
  ("13" .
   [1 0])
  ("som" .
   [11 0 0])
  ("felt" .
   [1 0 0 0])
  ("feferonky" .
   [0 0 0 0 0 0 0 0 1])
  ("huge" .
   [2 0 0 0])
  ("Cheers" .
   [1 0 0 0 0 0])
  ("excellent" .
   [1 0 0 0 0 0 0 0 0])
  ("again" .
   [1 0 0 0 0])
  ("Thanks" .
   [1 0 0 0 0 0])
  ("fixing" .
   [1 0 0 0 0 0])
  ("proper" .
   [1 0 0 0 0 0])
  ("n" .
   [1])
  ("arxiv" .
   [1 0 0 0 0])
  ("with" .
   [2 0 0 0])
  ("replace" .
   [1 0 0 0 0 0 0])
  ("want" .
   [1 0 0 0])
  ("3/" .
   [1 0])
  ("minor" .
   [1 0 0 0 0])
  ("aa" .
   [14 0])
  ("quickly" .
   [1 0 0 0 0 0 0])
  ("Hi" .
   [1 0])
  ("J" .
   [1])
  ("e" .
   [1])
  ("legend" .
   [1 0 0 0 0 0])
  ("explicit" .
   [1 0 0 0 0 0 0 0])
  ("area" .
   [1 0 0 0])
  ("grey" .
   [1 0 0 0])
  ("I" .
   [1])
  ("last" .
   [2 0 0 0])
  ("12" .
   [2 0])
  ("black" .
   [1 0 0 0 0])
  ("v" .
   [1])
  ("stay" .
   [1 0 0 0])
  ("con" .
   [1 0 0])
  ("better" .
   [2 0 0 0 0 0])
  ("color" .
   [1 0 0 0 0])
  ("red" .
   [4 0 0])
  ("visible" .
   [2 0 0 0 0 0 0])
  ("squares" .
   [1 0 0 0 0 0 0])
  ("blue" .
   [1 0 0 0])
  ("Fig" .
   [2 0 0])
  ("Score" .
   [1 0 0 0 0])
  ("Gatto" .
   [1 0 0 0 0])
  ("Andrea" .
   [1 0 0 0 0 0])
  ("Chang" .
   [0 0 0 0 1])
  ("Jeffrey" .
   [1 0 0 0 0 0 0])
  ("Christina" .
   [1 0 0 0 0 0 0 0 0])
  ("22" .
   [2 0])
  ("Marie" .
   [1 0 0 0 0])
  ("16" .
   [1 0])
  ("Margherita" .
   [1 0 0 0 0 0 0 0 0 0])
  ("15" .
   [1 0])
  ("Hu" .
   [1 0])
  ("Chia-Yu" .
   [1 0 0 0 0 0 0])
  ("C-c" .
   [1 0 0])
  ("C-u" .
   [1 0 0])
  ("heat" .
   [1 0 0 0])
  ("prog" .
   [1 0 0 0])
  ("km" .
   [2 0])
  ("14" .
   [1 0])
  ("yes" .
   [1 0 0])
  ("walk" .
   [1 0 0 0])
  ("200" .
   [2 0 0])
  ("2013-05-04" .
   [1 0 0 0 0 0 0 0 0 0])
  ("pre" .
   [2 0 0])
  ("depth" .
   [1 0 0 0 0])
  ("need" .
   [4 0 0 0])
  ("because" .
   [1 0 0 0 0 0 0])
  ("tree" .
   [1 0 0 0])
  ("myself" .
   [1 0 0 0 0 0])
  ("hang" .
   [1 0 0 0])
  ("18" .
   [5 0])
  ("lunch" .
   [4 0 0 0 0])
  ("dinner" .
   [1 0 0 0 0 0])
  ("big" .
   [5 0 0])
  ("Thursday" .
   [0 0 0 0 0 1 1 0])
  ("mkdir" .
   [2 0 0 0 0])
  ("mv" .
   [2 0])
  ("undo-tree-undo" .
   [0 0 0 0 0 0 0 0 0 0 0 1 0 0])
  ("undo-tree" .
   [0 0 0 0 0 0 0 1 0])
  ("text" .
   [1 0 0 0])
  ("mins" .
   [1 0 0 0])
  ("wget" .
   [1 0 0 0])
  ("tmp" .
   [1 0 0])
  ("AGN" .
   [1 0 0])
  ("peaks" .
   [1 0 0 0 0])
  ("these" .
   [1 0 0 0 0])
  ("only" .
   [6 0 0 0])
  ("peaked" .
   [1 0 0 0 0 0])
  ("strongly" .
   [1 0 0 0 0 0 0 0])
  ("there" .
   [4 0 0 0 0])
  ("results" .
   [2 0 0 0 0 0 0])
  ("however" .
   [1 0 0 0 0 0 0])
  ("selection" .
   [1 0 0 0 0 0 0 0 0])
  ("flux" .
   [1 0 0 0])
  ("due" .
   [1 0 0])
  ("find" .
   [3 0 0 0])
  ("systems" .
   [1 0 0 0 0 0 0])
  ("surveys" .
   [1 0 0 0 0 0 0])
  ("shallow" .
   [1 0 0 0 0 0 0])
  ("implication" .
   [1 0 0 0 0 0 0 0 0 0 0])
  ("worrying" .
   [1 0 0 0 0 0 0 0])
  ("everything" .
   [1 0 0 0 0 0 0 0 0 0])
  ("answer" .
   [1 0 0 0 0 0])
  ("obviously" .
   [1 0 0 0 0 0 0 0 0])
  ("bit" .
   [1 0 0])
  ("able" .
   [1 0 0 0])
  ("might" .
   [1 0 0 0 0])
  ("through" .
   [1 0 0 0 0 0 0])
  ("material" .
   [1 0 0 0 0 0 0 0])
  ("increase" .
   [1 0 0 0 0 0 0 0])
  ("does" .
   [2 0 0 0])
  ("injection" .
   [1 0 0 0 0 0 0 0 0])
  ("about" .
   [6 0 0 0 0])
  ("adiabatic" .
   [1 0 0 0 0 0 0 0 0])
  ("likely" .
   [2 0 0 0 0 0])
  ("way" .
   [2 0 0])
  ("assume" .
   [1 0 0 0 0 0])
  ("heats" .
   [1 0 0 0 0])
  ("It" .
   [1 0])
  ("center" .
   [1 0 0 0 0 0])
  ("piles" .
   [1 0 0 0 0])
  ("steadily" .
   [1 0 0 0 0 0 0 0])
  ("Cool" .
   [1 0 0 0])
  ("mechanism" .
   [1 0 0 0 0 0 0 0 0])
  ("feedback" .
   [1 0 0 0 0 0 0 0])
  ("understand" .
   [1 0 0 0 0 0 0 0 0 0])
  ("yet" .
   [1 0 0])
  ("here" .
   [5 0 0 0])
  ("picture" .
   [2 0 0 0 0 0 0])
  ("Also" .
   [1 0 0 0])
  ("intriguing" .
   [1 0 0 0 0 0 0 0 0 0])
  ("suggestion" .
   [1 0 0 0 0 0 0 0 0 0])
  ("t" .
   [1])
  ("ideal" .
   [1 0 0 0 0])
  ("completely" .
   [1 0 0 0 0 0 0 0 0 0])
  ("process" .
   [1 0 0 0 0 0 0])
  ("f" .
   [2])
  ("really" .
   [5 0 0 0 0 0])
  ("when" .
   [3 0 0 0])
  ("co" .
   [4 1])
  ("rates" .
   [3 0 0 0 0])
  ("reserve" .
   [1 0 0 0 0 0 0])
  ("sometimes" .
   [1 0 0 0 0 0 0 0 0])
  ("reduced" .
   [1 0 0 0 0 0 0])
  ("albeit" .
   [1 0 0 0 0 0])
  ("flows" .
   [1 0 0 0 0])
  ("parts" .
   [1 0 0 0 0])
  ("central" .
   [2 0 0 0 0 0 0])
  ("x" .
   [1])
  ("g" .
   [1])
  ("physical" .
   [2 0 0 0 0 0 0 0])
  ("meaning" .
   [2 0 0 0 0 0 0])
  ("use" .
   [3 0 0])
  ("second" .
   [1 0 0 0 0 0])
  ("Phoenix" .
   [1 0 0 0 0 0 0])
  ("rare" .
   [1 0 0 0])
  ("a" .
   [5])
  ("seems" .
   [3 0 0 0 0])
  ("bar" .
   [1 0 0])
  ("etc" .
   [1 0 0])
  ("formation" .
   [2 0 0 0 0 0 0 0 0])
  ("excessive" .
   [1 0 0 0 0 0 0 0 0])
  ("lot's" .
   [1 0 0 0 0])
  ("lot" .
   [1 0 0])
  ("old" .
   [3 0 0])
  ("being" .
   [2 0 0 0 0])
  ("standard" .
   [1 0 0 0 0 0 0 0])
  ("context" .
   [1 0 0 0 0 0 0])
  ("two" .
   [1 0 0])
  ("consistent" .
   [2 0 0 0 0 0 0 0 0 0])
  ("cc" .
   [4 0])
  ("Cooling" .
   [1 0 0 0 0 0 0])
  ("careful" .
   [1 0 0 0 0 0 0])
  ("extra" .
   [1 0 0 0 0])
  ("l" .
   [1])
  ("topic" .
   [1 0 0 0 0])
  ("since" .
   [1 0 0 0 0])
  ("ccs" .
   [5 0 0])
  ("SPT" .
   [1 0 0])
  ("derived" .
   [1 0 0 0 0 0 0])
  ("provide" .
   [1 0 0 0 0 0 0])
  ("suggest" .
   [3 0 0 0 0 0 0])
  ("plan" .
   [1 0 0 0])
  ("too" .
   [3 0 0])
  ("K0" .
   [1 0])
  ("done" .
   [2 0 0 0])
  ("Something" .
   [1 0 0 0 0 0 0 0 0])
  ("input" .
   [1 0 0 0 0])
  ("energy" .
   [3 0 0 0 0 0])
  ("mean" .
   [4 0 0 0])
  ("lines" .
   [1 0 0 0 0])
  ("along" .
   [3 0 0 0 0])
  ("Maybe" .
   [2 0 0 0 0])
  ("distrib" .
   [0 0 0 0 0 0 1])
  ("entropy" .
   [1 0 0 0 0 0 0])
  ("s" .
   [5])
  ("needs" .
   [2 0 0 0 0])
  ("therefore" .
   [1 0 0 0 0 0 0 0 0])
  ("gas" .
   [2 0 0])
  ("thermodynamical" .
   [0 0 0 0 0 0 0 0 0 0 0 0 0 0 1])
  ("d" .
   [1])
  ("full" .
   [1 0 0 0])
  ("specify" .
   [1 0 0 0 0 0 0])
  ("sufficient" .
   [1 0 0 0 0 0 0 0 0 0])
  ("thought" .
   [1 0 0 0 0 0 0])
  ("equilibrium" .
   [0 0 0 0 0 0 0 0 0 0 1])
  ("hydrostatic" .
   [0 0 0 0 0 0 0 0 0 0 1])
  ("profile" .
   [2 0 0 0 0 0 0])
  ("given" .
   [2 0 0 0 0])
  ("thinking" .
   [2 0 0 0 0 0 0 0])
  ("common" .
   [1 0 0 0 0 0])
  ("meant" .
   [1 0 0 0 0])
  ("what" .
   [8 0 0 0])
  ("fundamental" .
   [2 0 0 0 0 0 0 0 0 0 0])
  ("more" .
   [5 0 0 0])
  ("instances" .
   [1 0 0 0 0 0 0 0 0])
  ("prefer" .
   [1 0 0 0 0 0])
  ("correction" .
   [1 0 0 0 0 0 0 0 0 0])
  ("bias" .
   [1 0 0 0])
  ("dependent" .
   [1 0 0 0 0 0 0 0 0])
  ("provided" .
   [1 0 0 0 0 0 0 0])
  ("c" .
   [2])
  ("relation" .
   [1 0 0 0 0 0 0 0])
  ("scaling" .
   [1 0 0 0 0 0 0])
  ("simple" .
   [4 0 0 0 0 0])
  ("D" .
   [1])
  ("tc" .
   [1 0])
  ("against" .
   [2 0 0 0 0 0 0])
  ("cs" .
   [2 0])
  ("plotting" .
   [1 0 0 0 0 0 0 0])
  ("stronger" .
   [1 0 0 0 0 0 0 0])
  ("made" .
   [1 0 0 0])
  ("message" .
   [1 0 0 0 0 0 0])
  ("references" .
   [2 0 0 0 0 0 0 0 0 0])
  ("easier" .
   [1 0 0 0 0 0])
  ("b" .
   [2])
  ("table" .
   [3 0 0 0 0])
  ("statistics" .
   [1 0 0 0 0 0 0 0 0 0])
  ("the" .
   [4 0 0])
  ("presenting" .
   [1 0 0 0 0 0 0 0 0 0])
  ("finished" .
   [1 0 0 0 0 0 0 0])
  ("this" .
   [5 0 0 0])
  ("no" .
   [9 0])
  ("feels" .
   [1 0 0 0 0])
  ("fully" .
   [2 0 0 0 0])
  ("pareto" .
   [1 0 0 0 0 0])
  ("feel" .
   [1 0 0 0])
  ("don't" .
   [2 0 0 0 0])
  ("don" .
   [3 0 0])
  ("why" .
   [2 0 0])
  ("that's" .
   [1 0 0 0 0 0])
  ("transaction" .
   [1 0 0 0 0 0 0 0 0 0 0])
  ("non" .
   [2 0 0])
  ("decision" .
   [2 0 0 0 0 0 0 0])
  ("trade" .
   [1 0 0 0 0])
  ("info" .
   [1 0 0 0])
  ("hoegerle" .
   [1 0 0 0 0 0 0 0])
  ("jclub" .
   [1 0 0 0 0])
  ("daily" .
   [2 0 0 0 0])
  ("stuff" .
   [3 0 0 0 0])
  ("triangle" .
   [1 0 0 0 0 0 0 0])
  ("arrow" .
   [1 0 0 0 0])
  ("arrorw" .
   [1 0 0 0 0 0])
  ("via" .
   [1 0 0])
  ("main" .
   [1 0 0 0])
  ("boxes" .
   [1 0 0 0 0])
  ("mi" .
   [2 0])
  ("die" .
   [2 0 0])
  ("id" .
   [1 0])
  ("open" .
   [3 0 0 0])
  ("men" .
   [1 0 0])
  ("empty" .
   [1 0 0 0 0])
  ("put" .
   [1 0 0])
  ("another" .
   [1 0 0 0 0 0 0])
  ("objects" .
   [1 0 0 0 0 0 0])
  ("overlapping" .
   [1 0 0 0 0 0 0 0 0 0 0])
  ("incl" .
   [1 0 0 0])
  ("partial" .
   [1 0 0 0 0 0 0])
  ("otherwise" .
   [1 0 0 0 0 0 0 0 0])
  ("ine" .
   [1 0 0])
  ("least" .
   [1 0 0 0 0])
  ("at" .
   [1 0])
  ("specialization" .
   [0 0 0 0 0 0 0 0 0 0 1 0 0 0])
  ("special" .
   [1 0 0 0 0 0 0])
  ("generalization" .
   [1 0 0 0 0 0 0 0 0 0 0 0 0 0])
  ("superclass" .
   [1 0 0 0 0 0 0 0 0 0])
  ("doesnt" .
   [1 0 0 0 0 0])
  ("students" .
   [1 0 0 0 0 0 0 0])
  ("foreign" .
   [1 0 0 0 0 0 0])
  ("10" .
   [1 0])
  ("colleges" .
   [1 0 0 0 0 0 0 0])
  ("home" .
   [2 0 0 0])
  ("ca" .
   [2 0])
  ("satellite" .
   [1 0 0 0 0 0 0 0 0])
  ("Branch" .
   [1 0 0 0 0 0])
  ("itself" .
   [1 0 0 0 0 0])
  ("unecessary" .
   [1 0 0 0 0 0 0 0 0 0])
  ("applications" .
   [1 0 0 0 0 0 0 0 0 0 0 0])
  ("date" .
   [27 0 0 2])
  ("sides" .
   [1 0 0 0 0])
  ("object" .
   [3 0 0 0 0 0])
  ("every" .
   [4 0 0 0 0])
  ("complete" .
   [2 0 0 0 0 0 0 0])
  ("1-to-1" .
   [1 0 0 0 0 0])
  ("types" .
   [1 0 0 0 0])
  ("c2" .
   [1 0])
  ("20k" .
   [1 0 0])
  ("up" .
   [5 0])
  ("accept" .
   [1 0 0 0 0 0])
  ("College" .
   [2 0 0 0 0 0 0])
  ("apply" .
   [1 0 0 0 0])
  ("must" .
   [1 0 0 0])
  ("student" .
   [1 0 0 0 0 0 0])
  ("example" .
   [1 0 0 0 0 0 0])
  ("above" .
   [1 0 0 0 0])
  ("number" .
   [3 0 0 0 0 0])
  ("default" .
   [2 0 0 0 0 0 0])
  ("other" .
   [2 0 0 0 0])
  ("class" .
   [6 0 0 0 0])
  ("first" .
   [1 0 0 0 0])
  ("fromt" .
   [1 0 0 0 0])
  ("tat" .
   [1 0 0])
  ("means" .
   [2 0 0 0 0])
  ("an" .
   [5 0])
  ("side" .
   [1 0 0 0])
  ("right" .
   [1 0 0 0 0])
  ("on" .
   [13 0])
  ("line" .
   [8 0 0 0])
  ("difference" .
   [2 0 0 0 0 0 0 0 0 0])
  ("doesn't" .
   [3 0 0 0 0 0 0])
  ("doesn" .
   [2 0 0 0 0])
  ("dbs" .
   [1 0 0])
  ("Applied" .
   [1 0 0 0 0 0 0])
  ("connect" .
   [1 0 0 0 0 0 0])
  ("Student" .
   [2 0 0 0 0 0 0])
  ("eg" .
   [4 0])
  ("attribs" .
   [1 0 0 0 0 0 0])
  ("has" .
   [6 0 0])
  ("tables" .
   [1 0 0 0 0 0])
  ("ie" .
   [5 0])
  ("relations" .
   [1 0 0 0 0 0 0 0 0])
  ("drop" .
   [1 0 0 0])
  ("key" .
   [1 0 0])
  ("primary" .
   [1 0 0 0 0 0 0])
  ("concept" .
   [2 0 0 0 0 0 1])
  ("programing" .
   [1 0 0 0 0 0 0 0 0 0])
  ("add" .
   [3 0 0])
  ("methods" .
   [2 0 0 0 0 0 0])
  ("attributes" .
   [2 0 0 0 0 0 0 0 0 0])
  ("aggregation" .
   [1 0 0 0 0 0 1 0 0 0 0])
  ("composition" .
   [3 0 0 0 0 0 0 0 0 0 0])
  ("association" .
   [5 0 0 0 0 0 0 0 0 0 0])
  ("associations" .
   [2 0 0 0 0 0 0 0 0 0 0 0])
  ("classes" .
   [5 0 0 0 0 0 0])
  ("concepts" .
   [2 0 0 0 0 0 0 0])
  ("data" .
   [6 0 0 0])
  ("dbms" .
   [1 0 0 0])
  ("small" .
   [4 0 0 0 0])
  ("automatically" .
   [0 0 0 0 0 0 0 0 0 0 0 0 1])
  ("can" .
   [11 0 0])
  ("desing" .
   [1 0 0 0 0 0])
  ("databases" .
   [1 0 0 0 0 0 0 0 0])
  ("it" .
   [4 0])
  ("like" .
   [5 0 0 0])
  ("language" .
   [3 0 0 0 0 0 0 0])
  ("modelling" .
   [3 0 0 0 0 0 0 0 0])
  ("universal" .
   [1 0 0 0 0 0 0 0 0])
  ("now" .
   [2 0 0])
  ("used" .
   [4 0 0 0])
  ("less" .
   [1 0 0 0])
  ("older" .
   [1 0 0 0 0])
  ("mode" .
   [1 0 0 0])
  ("Model" .
   [1 0 0 0 0])
  ("design" .
   [2 0 0 0 0 0])
  ("higher" .
   [3 0 0 0 0 0])
  ("into" .
   [4 0 0 0])
  ("translated" .
   [2 0 0 0 0 0 0 0 0 0])
  ("implemented" .
   [1 0 0 0 0 0 0 0 0 0 0])
  ("not" .
   [9 0 0])
  ("model" .
   [5 0 0 0 0])
  ("database" .
   [3 0 0 0 0 0 0 0])
  ("len" .
   [6 0 0])
  ("ale" .
   [9 0 0])
  ("do" .
   [10 0])
  ("fo" .
   [2 0])
  ("sa" .
   [13 0])
  ("UML" .
   [4 0 0])
  ("limitations" .
   [1 0 0 0 0 0 0 0 0 0 0])
  ("its" .
   [1 0 0])
  ("mind" .
   [1 0 0 0])
  ("keeps" .
   [1 0 0 0 0])
  ("while" .
   [2 0 0 0 0])
  ("classification" .
   [1 0 0 0 0 0 0 0 0 0 0 0 0 0])
  ("binary" .
   [2 0 0 0 0 0])
  ("rough" .
   [1 0 0 0 0])
  ("often" .
   [2 0 0 0 0])
  ("OK" .
   [1 0])
  ("still" .
   [2 0 0 0 0])
  ("should" .
   [2 0 0 0 0 0])
  ("pick" .
   [1 0 0 0])
  ("require" .
   [1 0 0 0 0 0 1])
  ("This" .
   [1 0 0 0])
  ("possibly" .
   [2 0 0 0 0 0 0 0])
  ("give" .
   [3 0 0 0])
  ("high-z" .
   [2 0 0 0 0 0])
  ("high" .
   [4 0 0 0])
  ("cool-core" .
   [1 0 0 0 0 0 0 0 0])
  ("interested" .
   [1 0 0 0 0 0 0 0 0 0])
  ("i" .
   [3])
  ("think" .
   [3 0 0 0 0])
  ("Abstract" .
   [1 0 0 0 0 0 0 0])
  ("broken" .
   [1 0 0 0 0 0])
  ("missing" .
   [1 0 0 0 0 0 0])
  ("were" .
   [2 0 0 0])
  ("some" .
   [3 0 0 0])
  ("General" .
   [2 0 0 0 0 0 0])
  ("Robert" .
   [2 0 0 0 0 0])
  ("wishes" .
   [1 0 0 0 0 0])
  ("Best" .
   [1 0 0 0])
  ("people" .
   [2 0 0 0 0 0])
  ("many" .
   [6 0 0 0])
  ("will" .
   [3 0 0 0])
  ("work" .
   [1 0 0 0])
  ("great" .
   [2 0 0 0 0])
  ("all" .
   [5 0 0])
  ("draft" .
   [1 0 0 0 0])
  ("Thank" .
   [1 0 0 0 0])
  ("notes" .
   [3 0 0 0 0])
  ("further" .
   [1 0 0 0 0 0 0])
  ("same" .
   [2 0 0 0])
  ("Below" .
   [1 0 0 0 0])
  ("clear" .
   [3 0 0 0 0])
  ("something" .
   [2 0 0 0 0 0 0 0 0])
  ("them" .
   [1 0 0 0])
  ("seeing" .
   [1 0 0 0 0 0])
  ("trouble" .
   [1 0 0 0 0 0 0])
  ("if" .
   [2 0])
  ("know" .
   [3 0 0 0])
  ("let" .
   [2 0 0])
  ("Please" .
   [1 0 0 0 0 0])
  ("pdf" .
   [1 0 0])
  ("attached" .
   [1 0 0 0 0 0 0 0])
  ("are" .
   [2 0 0])
  ("my" .
   [2 0])
  ("Most" .
   [1 0 0 0])
  ("extremely" .
   [1 0 0 0 0 0 0 0 0])
  ("interesting" .
   [3 0 0 0 0 0 0 0 0 0 0])
  ("shape" .
   [2 0 0 0 0])
  ("good" .
   [7 0 0 0])
  ("very" .
   [13 0 0 0])
  ("paper" .
   [6 0 0 0 0])
  ("The" .
   [4 0 0])
  ("yesterday" .
   [4 0 0 0 0 0 0 0 0])
  ("until" .
   [1 0 0 0 0])
  ("comments" .
   [3 0 0 0 0 0 0 0])
  ("send" .
   [1 0 0 0])
  ("didn't" .
   [1 0 0 0 0 0])
  ("didn" .
   [1 0 0 0])
  ("sorry" .
   [1 0 0 0 0])
  ("Mike" .
   [2 0 0 0])
  ("Dear" .
   [1 0 0 0])
  ("plot" .
   [1 0 0 0])
  ("for" .
   [11 0 0])
  ("especially" .
   [1 0 0 0 0 0 0 0 0 0])
  ("shown" .
   [1 0 0 0 0])
  ("w" .
   [2])
  ("bins" .
   [1 0 0 0])
  ("redshift" .
   [2 0 0 0 0 0 0 0])
  ("so" .
   [11 0])
  ("or" .
   [7 0])
  ("few" .
   [2 0 0])
  ("helpful" .
   [2 0 0 0 0 0 0])
  ("would" .
   [5 0 0 0 0])
  ("but" .
   [9 0 0])
  ("busy" .
   [2 0 0 0])
  ("quite" .
   [2 0 0 0 0])
  ("already" .
   [2 0 0 0 0 0 1])
  ("abstract" .
   [2 0 0 0 0 0 0 0])
  ("fraction" .
   [4 0 0 0 0 0 0 0])
  ("both" .
   [8 0 0 0])
  ("bars" .
   [2 0 0 1])
  ("errors" .
   [1 0 0 0 0 0])
  ("account" .
   [1 0 0 0 0 0 0])
  ("adjusted" .
   [1 0 0 0 0 0 0 0])
  ("be" .
   [21 0])
  ("they" .
   [3 0 0 0])
  ("even" .
   [7 0 0 0])
  ("instead" .
   [1 0 0 0 0 0 0])
  ("estimators" .
   [1 0 0 0 0 0 0 0 0 0])
  ("density" .
   [3 0 0 0 0 0 0])
  ("kernel" .
   [1 0 0 0 0 0])
  ("using" .
   [1 0 0 0 0])
  ("maybe" .
   [8 0 0 0 0])
  ("binning" .
   [2 0 0 0 0 0 0])
  ("wrt" .
   [2 0 0])
  ("robust" .
   [1 0 0 0 0 0])
  ("is" .
   [32 0])
  ("that" .
   [10 0 0 0])
  ("sure" .
   [1 0 0 0])
  ("make" .
   [6 0 0 0])
  ("I'd" .
   [6 0 0])
  ("case" .
   [1 0 0 0])
  ("any" .
   [4 0 0])
  ("al" .
   [1 0])
  ("et" .
   [1 0])
  ("Reiprich" .
   [0 0 0 0 0 0 0 1])
  ("h" .
   [1])
  ("claimed" .
   [1 0 0 0 0 0 0])
  ("also" .
   [10 0 0 0])
  ("was" .
   [1 0 0])
  ("believe" .
   [1 0 0 0 0 0 0])
  ("which" .
   [3 0 0 0 0])
  ("to" .
   [50 0])
  ("he" .
   [1 0])
  ("well" .
   [2 0 0 0])
  ("just" .
   [4 0 0 0])
  ("could" .
   [6 0 0 0 0])
  ("one" .
   [7 0 0])
  ("indeed" .
   [1 0 0 0 0 0])
  ("bimodality" .
   [0 0 0 0 0 0 1 0 0 0])
  ("of" .
   [25 0])
  ("hints" .
   [2 0 0 0 0])
  ("see" .
   [6 0 0])
  ("we" .
   [11 0])
  ("say" .
   [5 0 0])
  ("you" .
   [15 0 0])
  ("fig" .
   [1 0 0])
  ("around" .
   [3 0 0 0 0 0])
  ("discussion" .
   [2 0 0 0 0 0 0 0 0 0])
  ("Section" .
   [3 0 0 0 0 0 0])
  ("properties" .
   [2 0 0 0 0 0 0 0 0 0])
  ("flow" .
   [5 0 0 0])
  ("cooling" .
   [5 0 0 0 0 0 0])
  ("vs" .
   [1 0])
  ("core" .
   [6 0 0 0])
  ("cool" .
   [8 0 0 0])
  (">1" .
   [1 0])
  ("count" .
   [1 0 0 0 0])
  ("having" .
   [1 0 0 0 0 0])
  ("have" .
   [12 0 0 0])
  ("group" .
   [1 0 0 0 0])
  ("likedID" .
   [1 0 0 0 0 0 0])
  ("Likes" .
   [1 0 0 0 0])
  ("where" .
   [4 0 0 0 0])
  ("grade" .
   [1 0 0 0 0])
  ("by" .
   [6 0])
  ("order" .
   [1 0 0 0 0])
  ("Highschooler" .
   [0 0 0 0 1 1 0 0 0 0 0 0])
  ("from" .
   [7 0 0 0])
  ("gradeb" .
   [0 0 0 0 0 2])
  ("name" .
   [6 0 0 0])
  ("select" .
   [3 0 0 0 0 0])
  ("in" .
   [33 0])
  ("ID" .
   [3 0])
  ("solution" .
   [1 0 0 0 0 0 0 0])
  ("g2" .
   [1 0])
  ("n2" .
   [1 0])
  ("g1" .
   [1 0])
  ("n1" .
   [2 0])
  ("as" .
   [9 0])
  ("ID1" .
   [1 0 0])
  ("ID2" .
   [3 0 0])
  ("f1" .
   [1 0])
  ("and" .
   [4 0 0])
  ("header" .
   [2 0 0 0 0 0])
  ("agenda" .
   [1 0 0 0 0 0])
  ("Mgas" .
   [2 0 0 0])
  ("xspec" .
   [1 0 0 0 0])
  ("norm" .
   [1 0 0 0])
  ("converter" .
   [1 0 0 0 0 0 0 0 0])
  ("integration" .
   [2 0 0 0 0 0 0 0 0 0 0])
  ("molecular" .
   [0 0 0 0 0 0 0 0 1])
  ("weigth" .
   [2 0 0 0 0 0])
  ("calculation" .
   [1 0 0 0 0 0 0 0 0 0 0])
  ("calculations" .
   [1 0 0 0 0 0 0 0 0 0 0 0])
  ("xvp" .
   [1 0 0])
  ("test" .
   [3 0 0 0])
  ("measuremnt" .
   [1 0 0 0 0 0 0 0 0 0])
  ("trying" .
   [1 0 0 0 0 0])
  ("initial" .
   [1 0 0 0 0 0 0])
  ("estimate" .
   [1 0 0 0 0 0 0 0])
  ("/" .
   [5])
  ("zapad" .
   [0 0 0 1 0])
  ("zap-to-char" .
   [0 0 0 0 0 0 1 0 0 0 0])
  ("win" .
   [2 0 0])
  ("\n" .
   [1])
  ("SPT-CL-2332-5358" .
   [0 0 0 0 0 0 0 0 0 0 0 1 0 0 0 0])
  ("002" .
   [1 0 0])
  ("tdate" .
   [4 0 0 0 0])
  ("004" .
   [1 0 0])
  ("003" .
   [1 0 0])
  ("cm" .
   [1 0])
  ("compare" .
   [1 0 0 0 0 0 0])
  ("current" .
   [1 0 0 0 0 0 0])
  ("run" .
   [2 0 0])
  ("error" .
   [1 0 0 0 0])
  ("smaller" .
   [1 0 0 0 0 0 0])
  ("radial" .
   [1 0 0 0 0 0])
  ("2013-04-09" .
   [1 0 0 0 0 0 0 0 0 0])
  ("NaN" .
   [4 0 0])
  ("2013-04-10" .
   [1 0 0 0 0 0 0 0 0 0])
  ("2013-04-11" .
   [1 0 0 0 0 0 0 0 0 0])
  ("40" .
   [1 0])
  ("talking" .
   [1 0 0 0 0 0 0])
  ("alex" .
   [1 0 0 0])
  ("joe" .
   [2 0 0])
  ("20" .
   [2 0])
  ("min" .
   [4 0 0])
  ("arf" .
   [1 0 0])
  ("longer" .
   [1 0 0 0 0 0])
  ("negative" .
   [2 0 0 0 0 0 0 0])
  ("bad" .
   [1 0 0])
  ("ccd" .
   [1 0 0])
  ("pattern" .
   [1 0 0 0 0 0 0])
  ("arfgen" .
   [1 0 0 0 0 0])
  ("rsp" .
   [1 0 0])
  ("m1" .
   [1 0])
  ("baseline" .
   [1 0 0 0 0 0 0 0])
  ("spectrum" .
   [1 0 0 0 0 0 0 0])
  ("weid" .
   [15 0 0 0])
  ("91" .
   [3 0])
  ("34" .
   [2 0])
  ("w1" .
   [1 0])
  ("33" .
   [1 0])
  ("38" .
   [1 0])
  ("year" .
   [1 0 0 0])
  ("2005" .
   [2 0 0 0])
  ("2006" .
   [1 0 0 0])
  ("2007" .
   [1 0 0 0])
  ("2008" .
   [1 0 0 0])
  ("2009" .
   [1 0 0 0])
  ("2010" .
   [2 0 0 0])
  ("2011" .
   [1 0 0 0])
  ("2012" .
   [1 0 0 0])
  ("month" .
   [1 0 0 0 0])
  ("ich" .
   [2 0 0])
  ("als" .
   [1 0 0])
  ("90" .
   [3 0])
  ("after" .
   [1 0 0 0 0])
  ("Friday" .
   [1 0 0 0 0 0])
  ("2013-05-03" .
   [2 0 0 0 0 0 0 0 0 0])
  ("19" .
   [3 0])
  ("89" .
   [2 0])
  ("peter" .
   [1 0 0 0 0])
  ("watts" .
   [1 0 0 0 0])
  ("young" .
   [1 0 0 0 0])
  ("writer" .
   [1 0 0 0 0 0])
  ("scifi" .
   [1 0 0 0 0])
  ("scientific" .
   [1 0 0 0 0 0 0 0 0 0])
  ("sb" .
   [2 0])
  ("curves" .
   [2 0 0 0 0 0])
  ("pip" .
   [1 0 0])
  ("pipe" .
   [1 0 0 0])
  ("taking" .
   [2 0 0 0 0 0])
  ("files" .
   [1 0 0 0 0])
  ("take" .
   [1 0 0 0])
  ("243" .
   [1 0 0])
  ("fname" .
   [1 0 0 0 0])
  ("forget" .
   [1 0 0 0 0 0])
  ("offaxis" .
   [1 0 0 0 0 0 0])
  ("angle" .
   [1 0 0 0 0])
  ("fitting" .
   [1 0 0 0 0 0 0])
  ("combining" .
   [1 0 0 0 0 0 0 0 0])
  ("extraction" .
   [1 0 0 0 0 0 0 0 0 0])
  ("0205" .
   [1 0 0 0])
  ("mgas" .
   [1 0 0 0])
  ("232" .
   [2 0 0])
  ("2332" .
   [2 0 0 0])
  ("beta" .
   [2 0 0 0])
  ("fit" .
   [2 0 0])
  ("custom" .
   [1 0 0 0 0 0])
  ("st" .
   [1 0])
  ("stat" .
   [1 0 0 0])
  ("status" .
   [2 0 0 0 0 0])
  ("li" .
   [1 0])
  ("sd" .
   [1 0])
  (":" .
   [2])
  ("start" .
   [3 0 0 0 0])
  ("simplex" .
   [1 0 0 0 0 0 0])
  ("defaults" .
   [1 0 0 0 0 0 0 0])
  ("step" .
   [1 0 0 0])
  ("philosophy" .
   [0 0 0 0 0 0 0 0 0 1])
  ("science" .
   [1 0 0 0 0 0 0])
  ("ju" .
   [1 0])
  ("human" .
   [2 0 0 0 0])
  ("nature" .
   [1 0 0 0 0 0])
  ("87" .
   [1 0])
  ("soup" .
   [1 0 0 0])
  ("bowl" .
   [1 0 0 0])
  ("reddit" .
   [1 0 0 0 0 0])
  ("glass" .
   [1 0 0 0 0])
  ("wave" .
   [1 0 0 0])
  ("opinions" .
   [1 0 0 0 0 0 0 0])
  ("hands" .
   [1 0 0 0 0])
  ("mosaic" .
   [1 0 0 0 0 0])
  ("learning" .
   [1 0 0 0 0 0 0 0])
  ("automated" .
   [1 0 0 0 0 0 0 0 0])
  ("sensors" .
   [1 0 0 0 0 0 0])
  ("automatized" .
   [1 0 0 0 0 0 0 0 0 0 0])
  ("out" .
   [1 0 0])
  ("machine" .
   [1 0 0 0 0 0 0])
  ("detect" .
   [1 0 0 0 0 0])
  ("2nd" .
   [1 0 0])
  ("coming" .
   [1 0 0 0 0 0])
  ("program" .
   [1 0 0 0 0 0 0])
  ("automatic" .
   [1 0 0 0 0 0 0 0 0])
  ("detecion" .
   [1 0 0 0 0 0 0 0])
  ("cross" .
   [1 0 0 0 0])
  ("crosses" .
   [1 0 0 0 0 0 0])
  ("images" .
   [2 0 0 0 0 0])
  ("exercise" .
   [1 0 0 0 0 0 0 0])
  ("life" .
   [2 0 0 0])
  ("universe" .
   [2 0 0 0 0 0 0 0])
  ("cold" .
   [1 0 0 0])
  ("place" .
   [1 0 0 0 0])
  ("anti-sagan" .
   [1 0 0 0 0 0 0 0 0 0])
  ("manifesto" .
   [1 0 0 0 0 0 0 0 0])
  ("quotes" .
   [1 0 0 0 0 1])
  ("skeptic" .
   [1 0 0 0 0 0 0])
  ("space" .
   [3 0 0 0 0])
  ("hubble" .
   [1 0 0 0 0 0])
  ("earth" .
   [2 0 0 0 0])
  ("unheimlich" .
   [1 0 0 0 0 0 0 0 0 0])
  ("80" .
   [1 0])
  ("kg" .
   [1 0])
  ("water" .
   [1 0 0 0 1])
  ("exploration" .
   [2 0 0 0 0 0 0 0 0 0 0])
  ("overlay" .
   [1 0 0 0 0 0 0])
  ("astronaut" .
   [1 0 0 0 0 0 0 0 0])
  ("histogram" .
   [1 0 0 0 0 0 0 0 0])
  ("moon" .
   [1 0 0 0])
  ("back" .
   [1 0 0 0])
  ("pynchon" .
   [1 0 0 0 0 0 0])
  ("quote" .
   [2 0 0 0 0])
  ("everybody" .
   [1 0 0 0 0 0 0 0 0])
  ("lawrence" .
   [1 0 0 0 0 0 0 0])
  ("kraus" .
   [1 0 0 0 0])
  ("jesus" .
   [1 0 0 0 0])
  ("died" .
   [1 0 0 0])
  ("stars" .
   [1 0 0 0 0])
  ("had" .
   [1 0 0])
  ("born" .
   [1 0 0 0])
  ("idea" .
   [1 0 0 0])
  ("condition" .
   [1 0 0 0 0 0 0 0 0])
  ("reach" .
   [1 0 0 0 0])
  ("equi" .
   [1 0 0 0])
  ("beauty" .
   [1 0 0 0 0 0])
  ("nothing" .
   [1 0 0 0 0 0 0])
  ("intrinsically" .
   [1 0 0 0 0 0 0 0 0 0 0 0 0])
  ("us" .
   [1 0])
  ("try" .
   [1 0 0])
  ("visual" .
   [1 0 0 0 0 0])
  ("project" .
   [1 0 0 0 0 0 0])
  ("24" .
   [1 0])
  ("25" .
   [1 0])
  ("bbc" .
   [1 0 0])
  ("29" .
   [2 0])
  ("09" .
   [1 0])
  ("49" .
   [1 0])
  ("2013-07-11" .
   [1 0 0 0 0 0 0 0 0 0])
  ("2013-07-12" .
   [1 0 0 0 0 0 0 0 0 0])
  ("2013-07-13" .
   [1 0 0 0 0 0 0 0 0 0])
  ("2013-07-14" .
   [1 0 0 0 0 0 0 0 0 0])
  ("/2" .
   [1 0])
  ("Note" .
   [1 0 0 0])
  ("consistency" .
   [1 0 0 0 0 0 0 0 0 0 0])
  ("skipped" .
   [2 0 0 0 0 0 0])
  ("sugar" .
   [2 0 0 0 0])
  ("2013-07-20" .
   [1 0 0 0 0 0 0 0 0 0])
  ("Alex" .
   [1 0 0 0])
  ("rest" .
   [1 0 0 0])
  ("didnt" .
   [1 0 0 0 0])
  ("mark" .
   [1 0 0 0])
  ("structural" .
   [1 0 0 0 0 0 0 0 0 0])
  ("changes" .
   [1 0 0 0 0 0 0])
  ("talked" .
   [1 0 0 0 0 0])
  ("equations" .
   [1 0 0 0 0 0 0 0 0])
  ("reci" .
   [1 0 0 0])
  ("reviewing" .
   [1 0 0 0 0 0 0 0 0])
  ("mostly" .
   [1 0 0 0 0 0])
  ("Have" .
   [1 0 0 0])
  ("day" .
   [1 0 0])
  ("week" .
   [1 0 0 0])
  ("delete" .
   [1 0 0 0 0 0])
  ("delete-window" .
   [0 0 0 0 0 0 0 0 0 0 1 0 0])
  ("bury-buffer" .
   [1 0 0 0 0 0 1 0 0 0 0])
  ("bury" .
   [1 0 0 0])
  ("defun" .
   [1 0 0 0 0])
  ("occur-browse-next" .
   [0 0 0 0 0 0 0 0 0 0 0 0 1 0 0 0 0])
  ("interactive" .
   [0 0 0 0 0 0 1 0 0 0 0])
  ("previous-line" .
   [0 0 0 1 0 0 0 0 0 0 0 0 0])
  ("occur-browse-previous" .
   [0 0 0 0 0 0 0 0 0 0 0 0 0 0 0 0 1 0 0 0 0])
  ("quantum" .
   [1 0 0 0 0 0 0])
  ("apps" .
   [1 0 0 0])
  ("bayes" .
   [2 0 0 0 0])
  ("intor" .
   [1 0 0 0 0])
  ("intro" .
   [1 0 0 0 0])
  ("utilite" .
   [1 0 0 0 0 0 0])
  ("vedy" .
   [1 0 0 0])
  ("config" .
   [1 0 0 0 0 0])
  ("Notes" .
   [3 0 0 0 0])
  ("photo" .
   [1 0 0 0 0])
  ("photo-z" .
   [1 0 0 0 0 0 0])
  ("vid" .
   [1 0 0])
  ("clanok" .
   [1 0 0 0 0 0])
  ("education" .
   [1 0 0 0 0 0 0 0 0])
  ("eve" .
   [3 0 0])
  ("knih" .
   [1 0 0 0])
  ("projekte" .
   [1 0 0 0 0 0 0 0])
  ("prep" .
   [1 0 0 0])
  ("veta" .
   [1 0 0 0])
  ("atm" .
   [1 0 0])
  ("manually" .
   [1 0 0 0 0 0 0 0])
  ("rename" .
   [1 0 0 0 0 0])
  ("collaboration" .
   [0 0 0 0 0 0 0 1 0 0 0 0 0])
  ("complex" .
   [1 0 0 0 0 0 0])
  ("networks" .
   [2 0 0 0 0 0 0 0])
  ("towards" .
   [1 0 0 0 0 0 0])
  ("end" .
   [1 0 0])
  ("transcript" .
   [1 0 0 0 0 0 0 0 0 0])
  ("cognitive" .
   [1 0 0 0 0 0 0 0 0])
  ("maps" .
   [1 0 0 0])
  ("map" .
   [1 0 0])
  ("agent" .
   [1 0 0 0 0])
  ("simulate" .
   [1 0 0 0 0 0 0 0])
  ("policy" .
   [1 0 0 0 0 0])
  ("change" .
   [1 0 0 0 0 0])
  ("behavioral" .
   [1 0 0 0 0 0 0 0 0 0])
  ("tell" .
   [1 0 0 0])
  ("method" .
   [1 0 0 0 0 0])
  ("5km" .
   [1 0 0])
  ("938" .
   [1 0 0])
  ("od" .
   [1 0])
  ("mesta" .
   [1 0 0 0 0])
  ("ross" .
   [1 0 0 0])
  ("ranajky" .
   [1 0 0 0 0 0 0])
  ("756" .
   [1 0 0])
  ("pekne" .
   [1 0 0 0 0])
  ("okolie" .
   [2 0 0 0 0 0])
  ("dedina" .
   [1 0 0 0 0 0])
  ("relativne" .
   [1 0 0 0 0 0 0 0 0])
  ("problem" .
   [1 0 0 0 0 0 0])
  ("top" .
   [1 0 0])
  ("r31" .
   [1 0 0])
  ("backups" .
   [1 0 0 0 0 0 0])
  ("backups-mode" .
   [0 0 0 0 0 0 0 0 0 0 0 1])
  ("buffer" .
   [1 0 0 0 0 0])
  ("screen" .
   [1 0 0 0 0 0])
  ("de" .
   [1 0])
  ("desktop-recover" .
   [1 0 0 0 0 0 0 0 0 0 0 0 0 0 0])
  ("settings" .
   [1 0 0 0 0 0 0 0])
  ("box" .
   [7 0 0])
  ("solarized" .
   [0 0 0 0 0 0 1 0 0])
  ("zenburn" .
   [3 0 0 0 0 0 0])
  ("org-headline-done" .
   [0 0 0 0 0 0 1 0 0 0 0 0 0 0 0 0 0])
  ("zenburn-bg+2" .
   [2 0 0 0 0 0 0 0 0 0 0 0])
  ("zenburn-bg+1" .
   [1 0 0 0 0 0 0 0 0 0 0 0])
  ("helm-hud" .
   [2 0 0 0 0 0 0 0])
  ("zenburn-red" .
   [2 0 0 0 0 0 0 0 0 0 0])
  ("helm-files" .
   [1 0 0 0 0 0 0 0 0 0])
  ("zenburn-red-4" .
   [1 0 0 0 0 0 0 0 0 0 0 0 0])
  (":foreground" .
   [0 0 0 0 0 0 0 0 0 0 3])
  ("da" .
   [1 0])
  ("helm-source-imenu" .
   [1 0 0 0 0 0 0 0 0 0 0 0 0 0 0 0 0])
  ("ido-prev-match" .
   [0 0 0 0 0 0 0 0 0 0 1 0 0 0])
  ("ido-next-match" .
   [0 0 0 0 0 0 0 0 0 0 1 0 0 0])
  ("zenburn-orange" .
   [1 0 0 0 0 0 0 0 0 0 0 0 0 0])
  ("effective" .
   [1 0 0 0 0 0 0 0 0])
  ("effect" .
   [1 0 0 0 0 0])
  ("netrc" .
   [1 0 0 0 0])
  ("triggers" .
   [1 0 0 0 0 0 0 0])
  ("growl" .
   [1 0 0 0 0])
  ("ai" .
   [1 0])
  ("real" .
   [1 0 0 0])
  ("heating" .
   [1 0 0 0 0 0 0])
  ("typing" .
   [0 0 0 0 0 1])
  ("break" .
   [1 0 0 0 0])
  ("nudge" .
   [1 0 0 0 0])
  ("wy" .
   [1 0])
  ("friends" .
   [1 0 0 0 0 0 0])
  ("facts" .
   [1 0 0 0 0])
  ("capgras" .
   [0 0 0 0 0 0 1])
  ("flourish" .
   [1 0 0 0 0 0 0 0])
  ("ps" .
   [1 0])
  ("irrational" .
   [0 0 0 0 1 0 0 0 0 0])
  ("keyboard-quit" .
   [0 0 0 0 0 1 0 0 0 0 0 0 0])
  ("find-file" .
   [0 0 0 0 0 0 1 0 0])
  ("transpose-words" .
   [0 0 0 0 0 0 0 0 0 0 0 0 1 0 0])
  ("forward" .
   [0 0 0 0 0 1 0])
  ("forward-word" .
   [0 0 0 0 0 0 0 0 0 0 1 0])
  ("next" .
   [1 0 0 0])
  ("o" .
   [4])
  ("fr" .
   [1 0])
  ("M-r" .
   [1 0 0])
  ("f8" .
   [1 0])
  ("open-line" .
   [0 0 0 0 0 0 0 1 0])))
